   3.1163999631615882e+00
   3.0773822211616699e+00
   2.7657254603978711e+00
   2.6797103206025308e+00
   2.6024678291325722e+00
   2.2873395358402000e+00
   2.2312729211140088e+00
   1.9739294776688374e+00
   1.9511336127542205e+00
   1.7194610775900154e+00
   1.4748024804373929e+00
   1.3272692504796058e+00
   1.2932065217258073e+00
   1.2805468924780687e+00
   1.2422337415733626e+00
   1.1870219851030528e+00
   1.0936676030213912e+00
   1.0176681547178421e+00
   9.5046925759573231e-01
   9.2060660367473524e-01
