  -9.9999999999999995e-07
  -9.8333300000000003e-07
  -9.6666699999999993e-07
  -9.5000000000000001e-07
  -9.3333299999999998e-07
  -9.1666699999999999e-07
  -8.9999999999999996e-07
  -8.8333300000000004e-07
  -8.6666700000000004e-07
  -8.5000000000000001e-07
  -8.3333299999999999e-07
  -8.1666699999999999e-07
  -7.9999999999999996e-07
  -7.8333300000000004e-07
  -7.6666700000000005e-07
  -7.5000000000000002e-07
  -7.3333299999999999e-07
  -7.1666699999999999e-07
  -6.9999999999999997e-07
  -6.8333300000000005e-07
  -6.6666700000000005e-07
  -6.5000000000000002e-07
  -6.3333300000000000e-07
  -6.1666700000000000e-07
  -5.9999999999999997e-07
  -5.8333300000000005e-07
  -5.6666699999999995e-07
  -5.5000000000000003e-07
  -5.3333300000000000e-07
  -5.1666700000000000e-07
  -4.9999999999999998e-07
  -4.8333299999999995e-07
  -4.6666700000000001e-07
  -4.4999999999999998e-07
  -4.3333300000000001e-07
  -4.1666700000000001e-07
  -3.9999999999999998e-07
  -3.8333300000000001e-07
  -3.6666700000000001e-07
  -3.4999999999999998e-07
  -3.3333300000000001e-07
  -3.1666700000000001e-07
  -2.9999999999999999e-07
  -2.8333300000000001e-07
  -2.6666700000000001e-07
  -2.4999999999999999e-07
  -2.3333299999999999e-07
  -2.1666699999999999e-07
  -1.9999999999999999e-07
  -1.8333299999999999e-07
  -1.6666699999999999e-07
  -1.4999999999999999e-07
  -1.3333299999999999e-07
  -1.1666700000000000e-07
  -9.9999999999999995e-08
  -8.3333299999999999e-08
  -6.6666699999999994e-08
  -4.9999999999999998e-08
  -3.3333300000000001e-08
  -1.6666700000000000e-08
   0.0000000000000000e+00
   1.6666700000000000e-08
   3.3333300000000001e-08
   4.9999999999999998e-08
   6.6666699999999994e-08
   8.3333299999999999e-08
   9.9999999999999995e-08
   1.1666700000000000e-07
   1.3333299999999999e-07
   1.4999999999999999e-07
   1.6666699999999999e-07
   1.8333299999999999e-07
   1.9999999999999999e-07
   2.1666699999999999e-07
   2.3333299999999999e-07
   2.4999999999999999e-07
   2.6666700000000001e-07
   2.8333300000000001e-07
   2.9999999999999999e-07
   3.1666700000000001e-07
   3.3333300000000001e-07
   3.4999999999999998e-07
   3.6666700000000001e-07
   3.8333300000000001e-07
   3.9999999999999998e-07
   4.1666700000000001e-07
   4.3333300000000001e-07
   4.4999999999999998e-07
   4.6666700000000001e-07
   4.8333299999999995e-07
   4.9999999999999998e-07
   5.1666700000000000e-07
   5.3333300000000000e-07
   5.5000000000000003e-07
   5.6666699999999995e-07
   5.8333300000000005e-07
   5.9999999999999997e-07
   6.1666700000000000e-07
   6.3333300000000000e-07
   6.5000000000000002e-07
   6.6666700000000005e-07
   6.8333300000000005e-07
   6.9999999999999997e-07
   7.1666699999999999e-07
   7.3333299999999999e-07
   7.5000000000000002e-07
   7.6666700000000005e-07
   7.8333300000000004e-07
   7.9999999999999996e-07
   8.1666699999999999e-07
   8.3333299999999999e-07
   8.5000000000000001e-07
   8.6666700000000004e-07
   8.8333300000000004e-07
   8.9999999999999996e-07
   9.1666699999999999e-07
   9.3333299999999998e-07
   9.5000000000000001e-07
   9.6666699999999993e-07
   9.8333300000000003e-07
   9.9999999999999995e-07
