   3.1621363361442247e+00
   3.1043861533314474e+00
   2.8917352819272368e+00
   2.8913359170597994e+00
   2.6574206846483377e+00
   2.5241525459745215e+00
   2.3877614867073538e+00
   2.3049133585686645e+00
   2.3008792215482132e+00
   2.0063275988612879e+00
   1.9554465403856729e+00
   1.6417683184099563e+00
   1.6224277279683283e+00
   1.5350144948538915e+00
   1.3947359370225343e+00
   1.0729279699983538e+00
   1.0116350281090292e+00
   9.9459558859927044e-01
   9.7295041909492053e-01
   9.6442231722925387e-01
