  -1.9999999999999999e-06
  -1.9666700000000002e-06
  -1.9333300000000002e-06
  -1.9000000000000000e-06
  -1.8666700000000001e-06
  -1.8333300000000001e-06
  -1.7999999999999999e-06
  -1.7666700000000000e-06
  -1.7333300000000000e-06
  -1.7000000000000000e-06
  -1.6666700000000001e-06
  -1.6333300000000001e-06
  -1.5999999999999999e-06
  -1.5666700000000000e-06
  -1.5333300000000000e-06
  -1.5000000000000000e-06
  -1.4666700000000001e-06
  -1.4333300000000001e-06
  -1.3999999999999999e-06
  -1.3666700000000000e-06
  -1.3333300000000000e-06
  -1.3000000000000000e-06
  -1.2666700000000001e-06
  -1.2333300000000001e-06
  -1.1999999999999999e-06
  -1.1666700000000000e-06
  -1.1333300000000000e-06
  -1.1000000000000001e-06
  -1.0666699999999999e-06
  -1.0333299999999999e-06
  -9.9999999999999995e-07
  -9.6666699999999993e-07
  -9.3333299999999998e-07
  -8.9999999999999996e-07
  -8.6666700000000004e-07
  -8.3333299999999999e-07
  -7.9999999999999996e-07
  -7.6666700000000005e-07
  -7.3333299999999999e-07
  -6.9999999999999997e-07
  -6.6666700000000005e-07
  -6.3333300000000000e-07
  -5.9999999999999997e-07
  -5.6666699999999995e-07
  -5.3333300000000000e-07
  -4.9999999999999998e-07
  -4.6666700000000001e-07
  -4.3333300000000001e-07
  -3.9999999999999998e-07
  -3.6666700000000001e-07
  -3.3333300000000001e-07
  -2.9999999999999999e-07
  -2.6666700000000001e-07
  -2.3333299999999999e-07
  -1.9999999999999999e-07
  -1.6666699999999999e-07
  -1.3333299999999999e-07
  -9.9999999999999995e-08
  -6.6666699999999994e-08
  -3.3333300000000001e-08
   0.0000000000000000e+00
   3.3333300000000001e-08
   6.6666699999999994e-08
   9.9999999999999995e-08
   1.3333299999999999e-07
   1.6666699999999999e-07
   1.9999999999999999e-07
   2.3333299999999999e-07
   2.6666700000000001e-07
   2.9999999999999999e-07
   3.3333300000000001e-07
   3.6666700000000001e-07
   3.9999999999999998e-07
   4.3333300000000001e-07
   4.6666700000000001e-07
   4.9999999999999998e-07
   5.3333300000000000e-07
   5.6666699999999995e-07
   5.9999999999999997e-07
   6.3333300000000000e-07
   6.6666700000000005e-07
   6.9999999999999997e-07
   7.3333299999999999e-07
   7.6666700000000005e-07
   7.9999999999999996e-07
   8.3333299999999999e-07
   8.6666700000000004e-07
   8.9999999999999996e-07
   9.3333299999999998e-07
   9.6666699999999993e-07
   9.9999999999999995e-07
   1.0333299999999999e-06
   1.0666699999999999e-06
   1.1000000000000001e-06
   1.1333300000000000e-06
   1.1666700000000000e-06
   1.1999999999999999e-06
   1.2333300000000001e-06
   1.2666700000000001e-06
   1.3000000000000000e-06
   1.3333300000000000e-06
   1.3666700000000000e-06
   1.3999999999999999e-06
   1.4333300000000001e-06
   1.4666700000000001e-06
   1.5000000000000000e-06
   1.5333300000000000e-06
   1.5666700000000000e-06
   1.5999999999999999e-06
   1.6333300000000001e-06
   1.6666700000000001e-06
   1.7000000000000000e-06
   1.7333300000000000e-06
   1.7666700000000000e-06
   1.7999999999999999e-06
   1.8333300000000001e-06
   1.8666700000000001e-06
   1.9000000000000000e-06
   1.9333300000000002e-06
   1.9666700000000002e-06
   1.9999999999999999e-06
