  -0.0000000000000000e+00
  -0.0000000000000000e+00
  -0.0000000000000000e+00
  -0.0000000000000000e+00
  -0.0000000000000000e+00
  -0.0000000000000000e+00
  -0.0000000000000000e+00
  -0.0000000000000000e+00
  -7.2388362751656221e-01
  -6.7068885752777663e-01
  -0.0000000000000000e+00
  -6.6155591162126259e-01
  -6.4341121210910135e-01
  -0.0000000000000000e+00
  -0.0000000000000000e+00
  -0.0000000000000000e+00
  -1.8287203492972151e-01
  -0.0000000000000000e+00
  -1.2533486149586576e-01
  -0.0000000000000000e+00
