   1.1890507684771994e+00
   1.1889096109511106e+00
   9.6296146680287031e-01
   9.5208075831909500e-01
   9.0387811571575838e-01
   8.9963014590422086e-01
   7.3207935245552624e-01
   7.2712831324761507e-01
   0.0000000000000000e+00
   0.0000000000000000e+00
   6.6551391872125654e-01
   0.0000000000000000e+00
   0.0000000000000000e+00
   6.3147259162841929e-01
   5.5426540917568390e-01
   5.1238516130281631e-01
   0.0000000000000000e+00
   1.3369889145909877e-01
   0.0000000000000000e+00
   9.9773135167201502e-02
