-2e-06
-1.96667e-06
-1.93333e-06
-1.9e-06
-1.86667e-06
-1.83333e-06
-1.8e-06
-1.76667e-06
-1.73333e-06
-1.7e-06
-1.66667e-06
-1.63333e-06
-1.6e-06
-1.56667e-06
-1.53333e-06
-1.5e-06
-1.46667e-06
-1.43333e-06
-1.4e-06
-1.36667e-06
-1.33333e-06
-1.3e-06
-1.26667e-06
-1.23333e-06
-1.2e-06
-1.16667e-06
-1.13333e-06
-1.1e-06
-1.06667e-06
-1.03333e-06
-1e-06
-9.66667e-07
-9.33333e-07
-9e-07
-8.66667e-07
-8.33333e-07
-8e-07
-7.66667e-07
-7.33333e-07
-7e-07
-6.66667e-07
-6.33333e-07
-6e-07
-5.66667e-07
-5.33333e-07
-5e-07
-4.66667e-07
-4.33333e-07
-4e-07
-3.66667e-07
-3.33333e-07
-3e-07
-2.66667e-07
-2.33333e-07
-2e-07
-1.66667e-07
-1.33333e-07
-1e-07
-6.66667e-08
-3.33333e-08
0
3.33333e-08
6.66667e-08
1e-07
1.33333e-07
1.66667e-07
2e-07
2.33333e-07
2.66667e-07
3e-07
3.33333e-07
3.66667e-07
4e-07
4.33333e-07
4.66667e-07
5e-07
5.33333e-07
5.66667e-07
6e-07
6.33333e-07
6.66667e-07
7e-07
7.33333e-07
7.66667e-07
8e-07
8.33333e-07
8.66667e-07
9e-07
9.33333e-07
9.66667e-07
1e-06
1.03333e-06
1.06667e-06
1.1e-06
1.13333e-06
1.16667e-06
1.2e-06
1.23333e-06
1.26667e-06
1.3e-06
1.33333e-06
1.36667e-06
1.4e-06
1.43333e-06
1.46667e-06
1.5e-06
1.53333e-06
1.56667e-06
1.6e-06
1.63333e-06
1.66667e-06
1.7e-06
1.73333e-06
1.76667e-06
1.8e-06
1.83333e-06
1.86667e-06
1.9e-06
1.93333e-06
1.96667e-06
2e-06
