-1e-06
-9.83333e-07
-9.66667e-07
-9.5e-07
-9.33333e-07
-9.16667e-07
-9e-07
-8.83333e-07
-8.66667e-07
-8.5e-07
-8.33333e-07
-8.16667e-07
-8e-07
-7.83333e-07
-7.66667e-07
-7.5e-07
-7.33333e-07
-7.16667e-07
-7e-07
-6.83333e-07
-6.66667e-07
-6.5e-07
-6.33333e-07
-6.16667e-07
-6e-07
-5.83333e-07
-5.66667e-07
-5.5e-07
-5.33333e-07
-5.16667e-07
-5e-07
-4.83333e-07
-4.66667e-07
-4.5e-07
-4.33333e-07
-4.16667e-07
-4e-07
-3.83333e-07
-3.66667e-07
-3.5e-07
-3.33333e-07
-3.16667e-07
-3e-07
-2.83333e-07
-2.66667e-07
-2.5e-07
-2.33333e-07
-2.16667e-07
-2e-07
-1.83333e-07
-1.66667e-07
-1.5e-07
-1.33333e-07
-1.16667e-07
-1e-07
-8.33333e-08
-6.66667e-08
-5e-08
-3.33333e-08
-1.66667e-08
0
1.66667e-08
3.33333e-08
5e-08
6.66667e-08
8.33333e-08
1e-07
1.16667e-07
1.33333e-07
1.5e-07
1.66667e-07
1.83333e-07
2e-07
2.16667e-07
2.33333e-07
2.5e-07
2.66667e-07
2.83333e-07
3e-07
3.16667e-07
3.33333e-07
3.5e-07
3.66667e-07
3.83333e-07
4e-07
4.16667e-07
4.33333e-07
4.5e-07
4.66667e-07
4.83333e-07
5e-07
5.16667e-07
5.33333e-07
5.5e-07
5.66667e-07
5.83333e-07
6e-07
6.16667e-07
6.33333e-07
6.5e-07
6.66667e-07
6.83333e-07
7e-07
7.16667e-07
7.33333e-07
7.5e-07
7.66667e-07
7.83333e-07
8e-07
8.16667e-07
8.33333e-07
8.5e-07
8.66667e-07
8.83333e-07
9e-07
9.16667e-07
9.33333e-07
9.5e-07
9.66667e-07
9.83333e-07
1e-06
